% -------------------------------------------------------------------
%  Generated by MATLAB on 30-Aug-2023 10:39:50
%  MATLAB version: 9.4.0.813654 (R2018a)
% -------------------------------------------------------------------
                            

Sin_BreakPoint1 = mpt.Parameter;
Sin_BreakPoint1.Value = [-1.5867 -1.5232 -1.4597 -1.3963 -1.3328 -1.2693 -1.2059...
                         -1.1424 -1.0789 -1.0155 -0.952	-0.8885	-0.8251	-0.7616...
                         -0.6981 -0.6347 -0.5712 -0.5077 -0.4443 -0.3808 -0.3173...
                         -0.2539 -0.1904 -0.1269 -0.0635 0];
Sin_BreakPoint1.CoderInfo.StorageClass = 'Custom';
Sin_BreakPoint1.CoderInfo.Alias = '';
Sin_BreakPoint1.CoderInfo.Alignment = -1;
Sin_BreakPoint1.CoderInfo.CustomStorageClass = 'Global';
Sin_BreakPoint1.CoderInfo.CustomAttributes.MemorySection = 'Default';
Sin_BreakPoint1.CoderInfo.CustomAttributes.HeaderFile = '';
Sin_BreakPoint1.CoderInfo.CustomAttributes.DefinitionFile = '';
Sin_BreakPoint1.CoderInfo.CustomAttributes.Owner = '';
Sin_BreakPoint1.CoderInfo.CustomAttributes.PersistenceLevel = 1;
Sin_BreakPoint1.Description = '';
Sin_BreakPoint1.DataType = 'single';
Sin_BreakPoint1.Min = [];
Sin_BreakPoint1.Max = [];
Sin_BreakPoint1.DocUnits = '';

Sin_Table1 = mpt.Parameter;
Sin_Table1.Value = [-0.9999 -0.9989 -0.9938 -0.9848 -0.9718 -0.9549 -0.9342...
                    -0.9096 -0.8814 -0.849 -0.8146 -0.7761 -0.7346 -0.6901...
                    -0.6428 -0.5929 -0.5406 -0.4862 -0.4298 -0.3716 -0.312...
                    -0.2512 -0.1892 -0.1265 -0.0634 0];
Sin_Table1.CoderInfo.StorageClass = 'Custom';
Sin_Table1.CoderInfo.Alias = '';
Sin_Table1.CoderInfo.Alignment = -1;
Sin_Table1.CoderInfo.CustomStorageClass = 'Global';
Sin_Table1.CoderInfo.CustomAttributes.MemorySection = 'Default';
Sin_Table1.CoderInfo.CustomAttributes.HeaderFile = '';
Sin_Table1.CoderInfo.CustomAttributes.DefinitionFile = '';
Sin_Table1.CoderInfo.CustomAttributes.Owner = '';
Sin_Table1.CoderInfo.CustomAttributes.PersistenceLevel = 1;
Sin_Table1.Description = '';
Sin_Table1.DataType = 'fixdt(1,16,14)';
Sin_Table1.Min = [];
Sin_Table1.Max = [];
Sin_Table1.DocUnits = '';

Cos_Table1 = mpt.Parameter;
Cos_Table1.Value = [0 0.0635 0.1266 0.1893 0.2512 0.312 0.3717...
                    0.4298 0.4862 0.5406 0.5929 0.6428 0.6901 0.7346...
                    0.7761 0.8146 0.8497 0.8814 0.9096 0.9342 0.9549...
                    0.9718 0.9848 0.9938 0.9989 0.9999];
Cos_Table1.CoderInfo.StorageClass = 'Custom';
Cos_Table1.CoderInfo.Alias = '';
Cos_Table1.CoderInfo.Alignment = -1;
Cos_Table1.CoderInfo.CustomStorageClass = 'Global';
Cos_Table1.CoderInfo.CustomAttributes.MemorySection = 'Default';
Cos_Table1.CoderInfo.CustomAttributes.HeaderFile = '';
Cos_Table1.CoderInfo.CustomAttributes.DefinitionFile = '';
Cos_Table1.CoderInfo.CustomAttributes.Owner = '';
Cos_Table1.CoderInfo.CustomAttributes.PersistenceLevel = 1;
Cos_Table1.Description = '';
Cos_Table1.DataType = 'fixdt(1,16,14)';
Cos_Table1.Min = [];
Cos_Table1.Max = [];
Cos_Table1.DocUnits = '';

